0
3
4
6
7
10
11
13
15
16
19
20
23
25
27
32
34
37
39
40
41
42
43
45
46
47
49
50
51
52
53
54
55
56
58
59
61
62
63
65
66
67
68
69
70
73
74
75
76
77
79
80
81
82
83
84
86
87
89
90
91
92
94
95
97
98
99
100
101
103
105
106
107
108
109
113
114
115
117
118
119
121
122
124
125
126
127
129
130
131
134
135
136
138
139
140
141
142
143
144
145
146
147
148
150
151
152
153
154
155
156
157
158
159
160
161
165
166
168
169
170
173
175
176
178
179
180
182
183
184
186
187
188
191
193
195
196
197
198
199
200
201
202
203
205
206
207
208
209
211
212
213
215
216
218
219
220
223
226
229
231
233
239
240
241
242
243
244
245
246
247
249
250
251
252
253
254
256
257
260
262
263
265
266
267
268
269
270
271
273
274
276
277
278
280
281
282
283
284
285
286
288
289
291
292
293
294
295
298
299
300
302
304
306
307
308
309
311
312
314
316
318
320
321
322
323
324
326
327
330
331
332
333
334
335
336
337
338
341
342
343
344
345
346
347
348
349
350
355
356
357
358
359
360
362
363
364
366
367
368
369
370
371
372
374
376
377
378
380
381
382
384
385
386
387
389
391
393
394
396
397
398
400
401
405
407
408
409
410
411
412
415
416
417
418
419
420
421
422
425
427
428
429
430
433
434
435
437
438
439
440
441
444
445
446
447
450
451
452
453
454
455
457
458
459
462
464
466
467
468
471
472
473
474
475
476
477
478
479
481
482
484
486
487
488
489
490
493
494
495
497
498
500
502
503
504
505
506
509
510
513
515
521
523
525
527
529
530
532
534
535
537
538
539
541
542
543
544
545
546
547
548
549
550
555
556
558
559
560
562
565
568
570
571
572
573
575
576
577
579
580
581
584
585
586
587
588
590
593
594
595
596
597
599
600
602
606
608
609
610
611
612
613
615
616
617
618
619
621
624
625
626
628
630
631
632
633
634
635
636
637
640
641
642
643
647
648
649
651
652
653
654
655
656
658
659
660
661
666
668
669
670
671
673
674
676
677
678
681
682
683
684
685
687
688
692
695
696
697
698
699
700
701
703
704
705
706
707
708
709
710
713
714
715
716
717
718
722
723
724
725
726
727
729
730
731
732
733
734
735
737
739
740
742
744
745
748
749
751
752
753
754
756
757
759
762
763
764
765
766
767
768
770
771
774
775
776
777
778
781
783
784
786
787
788
790
791
792
793
795
798
800
801
803
804
806
808
809
810
811
812
813
814
815
817
818
819
820
822
823
824
825
827
829
831
834
835
836
837
838
839
840
841
842
843
844
847
848
851
852
853
858
859
862
863
864
865
869
870
871
872
874
875
876
877
878
879
881
882
883
884
885
886
887
888
889
890
893
894
895
897
898
899
900
901
904
906
907
908
909
910
911
912
913
915
916
918
921
922
924
925
926
927
928
929
930
931
932
933
935
936
938
939
940
941
942
943
944
945
946
947
948
950
951
953
954
955
956
957
958
959
960
963
964
965
966
967
968
970
972
973
974
975
976
977
978
979
980
982
983
985
986
987
988
989
992
994
997
998
999
